Device: cuda
Initializing efficientnet
n_samples: 2040
batch size: 8
epochs: 100
Epoch	Training Loss	Validation Loss	Validation Loss Decreased
1	1.275581846634547	2.0340406193452725	inf--->103.736072
2	0.8423360929477448	2.0239790748147404	103.736072--->103.222933
3	0.681052602827549	1.8760058459113627	103.222933--->95.676298
4	0.5510586328147089	0.6252153480754179	95.676298--->31.885983
5	0.4786526899346534	0.731128874947043
6	0.416387589246619	1.1239192065070658
7	0.35532117483443487	0.38136594435747934	31.885983--->19.449663
8	0.29973180035092667	0.2408028525464675	19.449663--->12.280945
9	0.27154768955912073	0.5821402984506944
10	0.222677010294123	0.8567093400394216
11	0.21626577441416242	0.3970030476065243
12	0.17639203279224389	0.30142037307514863
13	0.16758681521705335	0.06644049988073461	12.280945--->3.388465
14	0.13725086624788888	0.09335199699682348
15	0.111466323016394	0.02491856541703729	3.388465--->1.270847
16	0.10922200903844308	0.016885045915842056	1.270847--->0.861137
17	0.10659962590765573	0.039748702855671156
18	0.07899073409898133	0.06877995589200188
19	0.07678025286740568	0.014197280740036684	0.861137--->0.724061
20	0.05759630477348087	0.05022203221040614
21	0.06261762639783852	0.053840713465915006
22	0.057670904598518404	0.023722837076467627
23	0.06360342514680643	0.08131782798206105
24	0.046157366147620935	0.17099497949375825
25	0.03449705029910832	0.004376316826571436	0.724061--->0.223192
26	0.04086771323579574	0.020701543373220107
27	0.04273346235961927	0.017692734870840523
28	0.03417199774012974	0.016047446166767794
29	0.026115489445110857	0.0026336756041821312	0.223192--->0.134317
30	0.019884976439974635	0.005265501711298437
31	0.02014556211389729	0.004723410615149666
32	0.015056240965849628	0.29943424112656536
33	0.01529728318864192	0.0019852754057330243	0.134317--->0.101249
34	0.017346139719901496	0.0020812306662692744
35	0.017643605698157996	0.012372813242323259
36	0.01388811312633562	0.020057477933519027
37	0.01704710906336664	0.015339160009342082
38	0.019100677871428356	0.049442149260464835
39	0.012167356187858911	0.006156321614980698
40	0.01049548093963976	0.0026164521627566393
41	0.016970280390666507	0.004591827883439905
42	0.013448472170435422	0.05738251787774703
43	0.011109023812904899	0.0033470823922578026
44	0.008689438314938932	0.006318576086093397
45	0.010455902007094004	0.002026696251157452
46	0.011758838638985147	0.04970504080548006
47	0.008084328116120898	0.005451291251708479
48	0.006594232283282955	0.24467608507941752
49	0.007855221037578875	0.18510225941153133
50	0.007506356264582114	0.006489887943162638
51	0.008495303649539767	0.04842312458683463
52	0.006779682685708965	0.0061666587477221205
53	0.006876464776581212	0.04146444885169759
54	0.0059437245041658125	0.011712982154944363
55	0.0053069901762629506	0.003755376674234867
56	0.00715040103807719	0.0005107772577663555	0.101249--->0.026050
57	0.004929198856652696	0.0011216777185087696
58	0.004627369594755674	0.011661671759451138
59	0.005179318734792783	0.001138031537480214
60	0.004344341064151034	0.027559548616409302
61	0.005171532041173372	0.017069654867929572
62	0.005035749945462015	0.0062416083015063226
63	0.005051454433401779	0.007472838110783521
64	0.03607581394823558	0.11449145920136396
65	0.1112479335901227	0.21788837278590484
66	0.08284925593504928	0.0072816912742222056
67	0.05387846508614637	0.0030386050724807907
68	0.029030332142486025	0.13235243804314556
69	0.024120645536658783	0.0318913534283638
70	0.011637047493708202	0.0020676904686671846
71	0.010803154920116262	0.03478690981864929
72	0.006664835732497558	0.02500715062898748
73	0.009832771682340535	0.003485891913228175
74	0.006526235664091027	0.007375462857239386
75	0.0051709378083115536	0.0005159346962018925
76	0.004528376969841809	0.0016754280830569128
77	0.005959153005581659	0.0006136667284676258
78	0.004494564057940985	0.0004996627103537321	0.026050--->0.025483
79	0.004456198207948296	0.0028389259515439764
80	0.004355031614888467	0.009252018130877438
81	0.0040320410135238635	0.00042322259533273825	0.025483--->0.021584
82	0.0038416682718175874	0.0037713321473668605
83	0.0035380183313713596	0.004783020738293143
84	0.0035134169912792047	0.009949131704428616
85	0.0031875015838701147	0.017209879177458146
86	0.003548431441998343	0.014499668031930923
87	0.003321789033286811	0.0014794595977839302
88	0.003343101092896712	0.06654993137892555
89	0.003027064030626278	0.011349912075435413
  
